# Created by Octave 4.0.3, Fri Nov 24 19:38:14 2017 CST <sqj@sqj-OptiPlex-790>
# name: A
# type: matrix
# rows: 44
# columns: 1
 1
 2
 3
 4
 5
 6
 7
 8
 9
 10
 11
 12
 13
 14
 15
 16
 17
 18
 19
 20
 21
 22
 23
 24
 25
 26
 27
 28
 29
 30
 31
 32
 33
 34
 35
 36
 37
 38
 39
 40
 41
 42
 43
 44


